timestamp,ttorrent-ubuntu
2019-05-13 12:09:36,0
2019-05-13 12:09:33,0
2019-05-13 12:09:30,0
2019-05-13 12:09:27,0
2019-05-13 12:09:24,0
2019-05-13 12:09:21,0
2019-05-13 12:09:18,0
2019-05-13 12:09:15,0
2019-05-13 12:09:12,0
2019-05-13 12:09:09,0
2019-05-13 12:09:06,0
2019-05-13 12:09:03,0
2019-05-13 12:09:00,0
2019-05-13 12:08:57,0
2019-05-13 12:08:54,0
2019-05-13 12:08:51,0
2019-05-13 12:08:48,0
2019-05-13 12:08:45,0
2019-05-13 12:08:42,0
2019-05-13 12:08:39,0
2019-05-13 12:08:36,0
2019-05-13 12:08:33,0
2019-05-13 12:08:30,0
2019-05-13 12:08:27,0
2019-05-13 12:08:24,0
2019-05-13 12:08:21,0
2019-05-13 12:08:18,0
2019-05-13 12:08:15,0
2019-05-13 12:08:12,0
2019-05-13 12:08:09,0
2019-05-13 12:08:06,0
2019-05-13 12:08:03,0
2019-05-13 12:08:00,0
2019-05-13 12:07:57,0
2019-05-13 12:07:54,0
2019-05-13 12:07:51,0
2019-05-13 12:07:48,0
2019-05-13 12:07:45,0
2019-05-13 12:07:42,0
2019-05-13 12:07:39,0
2019-05-13 12:07:36,0
2019-05-13 12:07:33,0
2019-05-13 12:07:30,0
2019-05-13 12:07:27,0
2019-05-13 12:07:24,0
2019-05-13 12:07:21,0
2019-05-13 12:07:18,0
2019-05-13 12:07:15,0
2019-05-13 12:07:12,0
2019-05-13 12:07:09,0
2019-05-13 12:07:06,0
2019-05-13 12:07:03,0
2019-05-13 12:07:00,0
2019-05-13 12:06:57,0
2019-05-13 12:06:54,0
2019-05-13 12:06:51,0
2019-05-13 12:06:48,0
2019-05-13 12:06:45,0
2019-05-13 12:06:42,0
2019-05-13 12:06:39,0
2019-05-13 12:06:36,0
2019-05-13 12:06:33,0
2019-05-13 12:06:30,0
2019-05-13 12:06:27,0
2019-05-13 12:06:24,0
2019-05-13 12:06:21,0
2019-05-13 12:06:18,0
2019-05-13 12:06:15,0
2019-05-13 12:06:12,0
2019-05-13 12:06:09,0
2019-05-13 12:06:06,0
2019-05-13 12:06:03,0
2019-05-13 12:06:00,0
2019-05-13 12:05:57,0
2019-05-13 12:05:54,0
2019-05-13 12:05:51,0
2019-05-13 12:05:48,0
2019-05-13 12:05:45,0
2019-05-13 12:05:42,0
2019-05-13 12:05:39,0
2019-05-13 12:05:36,0
2019-05-13 12:05:33,0
2019-05-13 12:05:30,0
